home = ( 3.65233521e-05, -2.031276917, -0.01961320623, 3.128380798, -0.02822840935, -0.06183365856, -0.03020698939 );
zeroangle = ( 4.012893741, 3.73831118, 2.003378909, 0.1349903093, 1.618349731, 1.274738035, 0.8774370107 );

